48 c7 c7 00 43 66 55
48 c7 c6 09 43 66 55 c3
c3 00 00 00 00 00 00 00 00
00 00 00 00 00 00 00 00
00 00 00 00 00 00 00 00
00 00 00 00 00 00 00 00
00 00 00 00 00 00 00 00
00 00 00 00 00 00 00 00
00 00 00 00 00 00 00 00
00 00 00 00 00 00 00 00
00 00 00 00 00 00 00 00
00 00 00 00 00 00 00 00
00 00 00 00 00 00 00 00
00 00 00 00 00 00 00 00
00 00 00 00 00 00 00 00
00 00 00 00 00 00 00 00
00 00 00 00 00 00 00 00
00 00 00 00 00 00 00 00
00 00 00 00 00 00 00 00
58 42 66 55 00 00 00 00
b0 18 40 00 00 00 00 00
36 62 39 34 64 37 36 32 00
68 00 00 00 98 00 00 00
70 00 00 00 98 00 00 00
98 00 00 00 70 00 00 00
98 00 00 00 68 00 00 00

